0   800
0   800
0   800
0   800
0   800
0.499561   1150
0.500117   1169
0.499585   1205
0.499841   1146
0.499508   1242
0.999503   1669
0.999507   1668
0.999538   1723
0.999553   1797
0.99958   1927
1.49951   2469
1.4999   2511
1.49954   2510
1.49958   2738
1.4995   2851
1.99951   3720
1.9996   3766
1.99957   3795
1.99972   4048
1.99955   4220
2.4996   5343
2.49952   5503
2.4995   5539
2.4995   5896
2.49951   6045
2.99952   7702
2.99953   7874
2.99954   8112
2.99951   8532
2.99951   8460
3.49953   10853
3.49951   10897
3.4995   11458
3.49951   12015
3.49953   11695
3.99952   15218
3.9995   15149
3.99951   15641
3.99952   16226
3.99951   16416
4.4995   20554
4.4995   20458
4.49952   21035
4.4995   21460
4.49953   21382
4.99951   26774
4.99951   26714
4.99952   27329
4.9995   27566
4.99952   27785
5.49951   33234
5.49951   33275
5.49951   33881
5.49951   34221
5.49951   34259
5.9995   40063
5.9995   39813
5.9995   40720
5.9995   40894
5.9995   41034
6.49951   45901
6.4995   46319
6.4995   46789
6.4995   47092
6.49951   46854
6.9995   51093
6.99952   51395
6.9995   52906
6.99951   52092
6.9995   52121
7.4995   55473
7.4995   55785
7.4995   56901
7.49951   55994
7.4995   55713
7.9995   58970
7.9995   59137
7.99951   60111
7.9995   59387
7.9995   58769
8.4995   61043
8.49951   61466
8.49952   61687
8.49951   61066
8.4995   61616
8.9995   62804
8.9995   63192
8.99951   63845
8.99951   62574
8.9995   63043
9.4995   63897
9.4995   64253
9.4995   63590
9.4995   63844
9.49951   64579
9.9995   64711
9.9995   64963
9.9995   64541
9.9995   64309
9.9995   64884
10.4995   65260
10.4995   65392
10.4995   65184
10.4995   65633
10.4995   65366
10.9995   65424
10.9995   66039
10.9995   65427
10.9995   66375
10.9995   65744
11.4995   65417
11.4995   66202
11.4995   66205
11.4995   66405
11.4995   65837
11.9995   65651
11.9995   66105
11.9995   66696
11.9995   66058
11.9995   67094
12.4995   65907
12.4995   66348
12.4995   66720
12.4995   66512
12.4995   67074
12.9995   66013
12.9995   65728
12.9995   66747
12.9995   67160
12.9995   66907
13.4995   65896
13.4995   66319
13.4995   66514
13.4995   66632
13.4995   66610
13.9995   66015
13.9995   66630
13.9995   66736
13.9995   66667
13.9995   66791
14.4995   66787
14.4995   66462
14.4995   67382
14.4995   66460
14.4995   66822
14.9995   66977
14.9995   67153
14.9995   66864
14.9995   66839
14.9995   66929
15.4995   67239
15.4995   66674
15.4995   66702
15.4995   66819
15.4995   66304
15.9995   67545
15.9995   66197
15.9995   65884
15.9995   67204
15.9995   67012
16.4995   67099
16.4995   66611
16.4995   66552
16.4995   66748
16.4995   66592
16.9995   66983
16.9995   65802
16.9995   66733
16.9995   67222
16.9995   66461
17.4995   66117
17.4995   65833
17.4995   67178
17.4995   66537
17.4995   66356
17.9995   66287
17.9995   66434
17.9995   67147
17.9995   66358
17.9995   66603
18.4995   66257
18.4995   66447
18.4995   67156
18.4995   66262
18.4995   66422
18.9995   66438
18.9995   66629
18.9995   67271
18.9995   66707
18.9995   66491
19.4995   66621
19.4995   66684
19.4995   66516
19.4995   66533
19.4995   67635
19.9995   66547
19.9995   66801
19.9995   66469
19.9995   66458
19.9995   67261
20.4995   66732
20.4995   67069
20.4995   66736
20.4995   66744
20.4995   66285
0   2400
0   2400
0   2400
0   2400
0   2400
0.499523   3448
0.499604   3446
0.499562   3367
0.499899   3480
0.499526   3568
0.999625   5082
0.999561   4786
0.999826   4985
0.999586   5160
0.999518   5235
1.49952   6907
1.49954   7293
1.49952   7232
1.49953   7428
1.49951   7512
1.99951   9908
1.99961   10328
1.99953   10366
1.99955   10501
1.99953   10612
2.49956   13768
2.49951   14407
2.49951   14295
2.4995   14641
2.49952   15018
2.9995   18040
2.9995   19227
2.9995   19336
2.99952   19801
2.99953   20340
3.4995   23773
3.4995   24923
3.49951   25371
3.4995   25929
3.49951   26159
3.9995   30534
3.99951   30971
3.99951   31989
3.99951   32257
3.99951   32716
4.49951   36833
4.49951   37254
4.49951   38446
4.4995   39222
4.4995   39340
4.9995   43352
4.99951   43304
4.9995   45283
4.99952   45686
4.99951   45505
5.4995   49096
5.4995   48716
5.4995   50830
5.49951   51015
5.4995   50529
5.9995   53464
5.99951   53498
5.99952   55586
5.9995   55872
5.9995   55062
6.49951   57184
6.4995   57131
6.4995   58381
6.4995   59189
6.4995   58394
6.99951   60354
6.9995   59983
6.99952   61151
6.9995   61009
6.9995   62065
7.4995   62469
7.4995   61651
7.49951   62729
7.49951   62720
7.4995   63771
7.9995   63518
7.9995   63530
7.9995   64007
7.9995   63179
7.9995   64973
8.4995   65009
8.4995   64390
8.49951   64918
8.4995   64388
8.49951   65833
8.9995   65088
8.99951   66077
8.9995   65320
8.99951   65600
8.9995   66162
9.4995   65639
9.4995   66585
9.49951   65940
9.49951   65497
9.4995   66522
9.9995   65796
9.9995   66579
9.99951   66626
9.9995   65922
9.99951   66494
10.4995   66422
10.4995   66553
10.4995   66616
10.4995   66552
10.4995   67662
10.9995   66826
10.9995   67247
10.9995   67301
10.9995   66768
10.9995   67411
11.4995   66937
11.4995   67043
11.4995   67021
11.4995   67041
11.4995   67754
11.9995   66994
11.9995   67128
11.9995   67193
11.9995   67156
11.9995   67322
12.4995   67076
12.4995   66942
12.4995   66760
12.4995   66911
12.4995   67176
12.9995   66987
12.9995   66690
12.9995   66582
12.9995   67262
12.9995   67409
13.4995   67052
13.4995   66289
13.4995   65826
13.4995   66729
13.4995   67569
13.9995   67217
13.9995   66233
13.9995   65570
13.9995   66240
13.9995   67161
14.4995   66943
14.4995   66107
14.4995   65712
14.4995   66748
14.4995   66688
14.9995   66290
14.9995   66277
14.9995   66600
14.9995   66790
14.9995   66977
15.4995   66480
15.4995   66982
15.4995   66206
15.4995   66443
15.4995   66780
15.9995   66889
15.9995   67325
15.9995   66205
15.9995   66805
15.9995   66738
16.4995   66445
16.4995   67109
16.4995   66504
16.4995   66896
16.4995   66658
16.9995   66604
16.9995   66555
16.9995   66976
16.9995   67481
16.9995   66624
17.4995   66475
17.4995   66824
17.4995   66931
17.4995   67275
17.4995   66475
17.9995   66489
17.9995   67098
17.9995   66843
17.9995   67531
17.9995   66119
18.4995   67156
18.4995   67278
18.4995   66724
18.4995   66434
18.4995   66583
18.9995   67306
18.9995   66601
18.9995   66722
18.9995   66429
18.9995   66913
0   7200
0   7200
0   7200
0   7200
0   7200
0.499501   10155
0.499505   10150
0.499541   10267
0.499512   10115
0.499504   10191
0.999518   13778
0.999572   14082
0.999513   14027
0.99953   14024
0.99953   14426
1.4995   18765
1.49951   18803
1.49954   18625
1.4995   18883
1.49951   19639
1.99951   24710
1.99951   24551
1.99951   24944
1.9995   24655
1.9995   25687
2.4995   31296
2.49951   31109
2.4995   30791
2.49952   31174
2.4995   32041
2.99952   37792
2.9995   37293
2.99951   37662
2.99952   37901
2.99951   38526
3.49951   43619
3.4995   43560
3.4995   44107
3.49951   44421
3.49951   44954
3.9995   49507
3.99951   49384
3.9995   49465
3.99953   49660
3.9995   50733
4.49952   54182
4.4995   54205
4.49951   54362
4.4995   54165
4.4995   54783
4.9995   57420
4.9995   57828
4.9995   57508
4.99951   58182
4.9995   58309
5.4995   59548
5.4995   60709
5.49951   60574
5.4995   60739
5.49952   60123
5.99951   61549
5.99951   62083
5.9995   62367
5.99951   61988
5.9995   62273
6.49951   63174
6.49951   63687
6.49951   63842
6.4995   63725
6.4995   63979
6.99953   64829
6.99951   64651
6.9995   65031
6.9995   64143
6.99951   64266
7.4995   65895
7.4995   65451
7.49951   65348
7.4995   65025
7.4995   65050
7.9995   65491
7.9995   65819
7.9995   65224
7.99951   65069
7.99951   65936
8.49951   65375
8.4995   66028
8.4995   65603
8.4995   65505
8.4995   65996
8.9995   65666
8.9995   66400
8.9995   65615
8.99951   66343
8.99951   65416
9.4995   66416
9.4995   66369
9.4995   66561
9.4995   66363
9.4995   66267
9.99951   66710
9.9995   66385
9.99951   66622
9.9995   66608
9.9995   66415
10.4995   66979
10.4995   66760
10.4995   66739
10.4995   66957
10.4995   66643
10.9995   67372
10.9995   66824
10.9995   66766
10.9995   67523
10.9995   67148
11.4995   66841
11.4995   66751
11.4995   66327
11.4995   67163
11.4995   67070
11.9995   66686
11.9995   66727
11.9995   66750
11.9995   66850
11.9995   66718
12.4995   66859
12.4995   66548
12.4995   66226
12.4995   67409
12.4995   66525
12.9995   66588
12.9995   66491
12.9995   66101
12.9995   66878
12.9995   66377
13.4995   66603
13.4995   66013
13.4995   66446
13.4995   66740
13.4995   65997
13.9995   66182
13.9995   66526
13.9995   66860
13.9995   66689
13.9995   66582
14.4995   66134
14.4995   66415
14.4995   66097
14.4995   66694
14.4995   66048
14.9995   66709
14.9995   66646
14.9995   66231
14.9995   66293
14.9995   66238
15.4995   66741
15.4995   66635
15.4995   66163
15.4995   66088
15.4995   66474
15.9995   66833
15.9995   66220
15.9995   66281
15.9995   66844
15.9995   66157
16.4995   66783
16.4995   66249
16.4995   66709
16.4995   67032
16.4995   65975
16.9995   65873
16.9995   66601
16.9995   66413
16.9995   66255
16.9995   66592
17.4995   65840
17.4995   66564
17.4995   66547
17.4995   66080
17.4995   66551
17.9995   65888
17.9995   66670
17.9995   65696
17.9995   66830
17.9995   67027
0   21600
0   21600
0   21600
0   21600
0   21600
0.499509   27354
0.49951   27563
0.499503   27535
0.49951   27673
0.49951   27910
0.9995   33888
0.999519   34012
0.999518   34210
0.999502   34330
0.999514   34411
1.4995   40414
1.4995   40602
1.4995   40740
1.49952   40784
1.49951   40935
1.9995   46535
1.9995   46630
1.99952   46951
1.9995   46901
1.9995   46870
2.4995   51794
2.49951   51827
2.49951   51801
2.49951   52105
2.4995   51887
2.99951   55058
2.9995   56100
2.99951   55708
2.99951   55970
2.9995   55497
3.4995   58871
3.49951   58880
3.4995   59394
3.49952   59477
3.4995   58621
3.9995   61332
3.99951   61051
3.99951   60839
3.9995   61461
3.99952   61607
4.49952   62868
4.4995   62347
4.4995   62843
4.49951   62877
4.4995   63292
4.9995   63890
4.9995   63863
4.99951   63887
4.99951   64468
4.9995   64914
5.4995   64526
5.49951   64734
5.49951   65001
5.49951   65253
5.4995   65318
5.99951   64700
5.9995   65054
5.9995   66139
5.9995   65069
5.9995   65416
6.4995   65563
6.49951   65887
6.4995   65764
6.4995   66469
6.4995   66022
6.9995   66148
6.99951   66319
6.9995   66534
6.9995   66447
6.99951   67217
7.4995   66047
7.4995   65937
7.4995   66990
7.49951   66554
7.4995   66811
7.9995   65961
7.9995   66306
7.9995   66829
7.9995   66427
7.9995   66193
8.4995   65581
8.49951   66263
8.4995   66810
8.4995   66495
8.4995   66606
8.9995   66376
8.9995   65702
8.99951   66047
8.9995   66660
8.99951   66079
9.4995   66774
9.49951   65691
9.49951   66220
9.4995   66367
9.4995   66106
9.9995   66081
9.9995   67030
9.99951   66202
9.9995   66279
9.9995   65948
10.4995   65794
10.4995   67236
10.4995   66436
10.4995   66810
10.4995   65910
10.9995   66031
10.9995   66994
10.9995   66404
10.9995   66603
10.9995   66006
11.4995   66323
11.4995   66758
11.4995   66827
11.4995   66671
11.4995   66430
11.9995   66262
11.9995   67053
11.9995   66858
11.9995   67083
11.9995   66859
12.4995   66692
12.4995   66837
12.4995   66777
12.4995   66899
12.4995   66151
12.9995   66643
12.9995   66748
12.9995   66576
12.9995   66592
12.9995   67262
13.4995   66872
13.4995   66930
13.4995   66539
13.4995   66675
13.4995   67066
13.9995   66870
13.9995   66753
13.9995   66091
13.9995   66589
13.9995   67136
14.4995   66482
14.4995   66861
14.4995   66633
14.4995   66882
14.4995   66452
14.9995   66356
14.9995   67308
14.9995   66674
14.9995   66016
14.9995   66318
15.4995   66568
15.4995   67417
15.4995   66260
15.4995   66364
15.4995   65901
15.9995   66914
15.9995   66042
15.9995   66402
15.9995   67017
15.9995   66502
16.4995   66269
16.4995   66591
16.4995   66639
16.4995   66528
16.4995   66869
