10000.000000  0.050000
83317.993075  0.044588
83340.999134  0.044588
83341.000000  0.044588
83341.000000  0.044588
83341.000000  0.044588
83341.000000  0.044588
83341.000000  0.044588
83341.000000  0.044588
83341.000000  0.044588
83341.000000  0.044588
83341.000000  0.044588
83341.000000  0.044588
83341.000000  0.044588
83341.000000  0.044588
83341.000000  0.044588
83341.000000  0.044588
83341.000000  0.044588
83341.000000  0.044588
83341.000000  0.044588
83341.000000  0.044588
83341.000000  0.044588
83341.000000  0.044588
83341.000000  0.044588
83341.000000  0.044588
83341.000000  0.044588
83341.000000  0.044588
83341.000000  0.044588
83341.000000  0.044588
83341.000000  0.044588
83341.000000  0.044588
83341.000000  0.044588
83341.000000  0.044588
83341.000000  0.044588
83341.000000  0.044588
83341.000000  0.044588
83341.000000  0.044588
83341.000000  0.044588
83341.000000  0.044588
83341.000000  0.044588
83341.000000  0.044588
