600.000000  0.800000
589.884769  0.857680
608.766816  0.900005
664.453345  0.929904
779.032817  0.950418
1007.501184  0.964136
1497.823089  0.973012
2714.758585  0.978376
6417.699031  0.980967
19664.454896  0.980936
52402.445075  0.978041
73558.053109  0.972314
77212.374301  0.964212
77617.844705  0.953735
77657.586678  0.940449
77657.058406  0.923801
77649.559714  0.903217
77637.287075  0.878171
77617.666299  0.848280
77587.451174  0.813405
77542.724717  0.773751
77477.730005  0.729937
77387.487036  0.682979
77266.317367  0.634207
77108.531867  0.585106
76911.149938  0.537116
76672.905838  0.491457
76393.062542  0.449043
76074.665835  0.410428
75722.412367  0.375842
75341.832241  0.345264
74938.964353  0.318496
74522.305332  0.295226
74096.665551  0.275106
73670.463545  0.257765
73250.076786  0.242844
72839.298062  0.230022
72442.424851  0.219009
72063.751123  0.209548
71706.448902  0.201413
71371.193079  0.194415
