9000.000000  0.015000
4597.358586  0.023834
2425.883560  0.037751
1308.560105  0.059362
720.078443  0.092208
405.450846  0.140551
235.155960  0.208447
141.753802  0.297797
89.642135  0.405824
59.873272  0.523813
42.308201  0.639207
31.496390  0.740492
24.492666  0.821295
19.694616  0.880982
16.221582  0.922613
13.582276  0.950500
11.496556  0.968679
9.799674  0.980320
8.390701  0.987689
7.204634  0.992321
6.197212  0.995218
5.336585  0.997026
4.598672  0.998151
3.964516  0.998851
3.418741  0.999287
2.948603  0.999557
2.543390  0.999725
2.194013  0.999829
1.892710  0.999894
1.632830  0.999934
1.408659  0.999959
1.215278  0.999975
1.048453  0.999984
0.904533  0.999990
0.780372  0.999994
0.673256  0.999996
0.580844  0.999998
0.501117  0.999999
0.432334  0.999999
0.372993  0.999999
0.321797  1.000000
