1000.000000  0.200000
82997.586663  0.168330
83340.986065  0.168297
83340.999999  0.168297
83341.000000  0.168297
83341.000000  0.168297
83341.000000  0.168297
83341.000000  0.168297
83341.000000  0.168297
83341.000000  0.168297
83341.000000  0.168297
83341.000000  0.168297
83341.000000  0.168297
83341.000000  0.168297
83341.000000  0.168297
83341.000000  0.168297
83341.000000  0.168297
83341.000000  0.168297
83341.000000  0.168297
83341.000000  0.168297
83341.000000  0.168297
83341.000000  0.168297
83341.000000  0.168297
83341.000000  0.168297
83341.000000  0.168297
83341.000000  0.168297
83341.000000  0.168297
83341.000000  0.168297
83341.000000  0.168297
83341.000000  0.168297
83341.000000  0.168297
83341.000000  0.168297
83341.000000  0.168297
83341.000000  0.168297
83341.000000  0.168297
83341.000000  0.168297
83341.000000  0.168297
83341.000000  0.168297
83341.000000  0.168297
83341.000000  0.168297
83341.000000  0.168297
