150.000000  0.400000
164.536924  0.382655
2212.647352  -0.000000
5880.463533  -0.000000
6077.801385  -0.000255
5054.059360  -0.000000
5261.579408  -0.000000
5477.332035  -0.000000
5701.619176  -0.000000
5934.750768  -0.000000
5346.800094  -0.002202
5100.960256  -0.000000
5310.343301  -0.000000
5528.027029  -0.000000
5754.315939  -0.000000
5989.502718  -0.000000
4952.689423  -0.000060
5148.283006  -0.000000
5359.544128  -0.000000
5579.174988  -0.000000
5807.482166  -0.000000
6044.370723  -0.000002
4991.117927  -0.000001
5196.030675  -0.000000
5409.185526  -0.000000
5630.779656  -0.000000
5861.121664  -0.000000
6088.637289  -0.000070
5037.351982  -0.000000
5244.206804  -0.000000
5459.271155  -0.000000
5682.844805  -0.000000
5915.237840  -0.000000
5782.921796  -0.001812
5084.101315  -0.000000
5292.814968  -0.000000
5509.804701  -0.000000
5735.374231  -0.000000
5969.828491  -0.000000
4966.162499  -0.000294
5131.272592  -0.000000
5341.858770  -0.000000
5560.789875  -0.000000
