1000.000000  0.600000
82995.998726  0.536689
83340.982682  0.536629
83340.999999  0.536629
83341.000000  0.536629
83341.000000  0.536629
83341.000000  0.536629
83341.000000  0.536629
83341.000000  0.536629
83341.000000  0.536629
83341.000000  0.536629
83341.000000  0.536629
83341.000000  0.536629
83341.000000  0.536629
83341.000000  0.536629
83341.000000  0.536629
83341.000000  0.536629
83341.000000  0.536629
83341.000000  0.536629
83341.000000  0.536629
83341.000000  0.536629
83341.000000  0.536629
83341.000000  0.536629
83341.000000  0.536629
83341.000000  0.536629
83341.000000  0.536629
83341.000000  0.536629
83341.000000  0.536629
83341.000000  0.536629
83341.000000  0.536629
83341.000000  0.536629
83341.000000  0.536629
83341.000000  0.536629
83341.000000  0.536629
83341.000000  0.536629
83341.000000  0.536629
83341.000000  0.536629
83341.000000  0.536629
83341.000000  0.536629
83341.000000  0.536629
83341.000000  0.536629
