600.000000  1.000000
82596.267095  1.000000
83340.950867  1.000000
83340.999997  1.000000
83341.000000  1.000000
83341.000000  1.000000
83341.000000  1.000000
83341.000000  1.000000
83341.000000  1.000000
83341.000000  1.000000
83341.000000  1.000000
83341.000000  1.000000
83341.000000  1.000000
83341.000000  1.000000
83341.000000  1.000000
83341.000000  1.000000
83341.000000  1.000000
83341.000000  1.000000
83341.000000  1.000000
83341.000000  1.000000
83341.000000  1.000000
83341.000000  1.000000
83341.000000  1.000000
83341.000000  1.000000
83341.000000  1.000000
83341.000000  1.000000
83341.000000  1.000000
83341.000000  1.000000
83341.000000  1.000000
83341.000000  1.000000
83341.000000  1.000000
83341.000000  1.000000
83341.000000  1.000000
83341.000000  1.000000
83341.000000  1.000000
83341.000000  1.000000
83341.000000  1.000000
83341.000000  1.000000
83341.000000  1.000000
83341.000000  1.000000
83341.000000  1.000000
