250.000000  1.000000
81477.233589  1.000000
83340.875352  1.000000
83340.999992  1.000000
83341.000000  1.000000
83341.000000  1.000000
83341.000000  1.000000
83341.000000  1.000000
83341.000000  1.000000
83341.000000  1.000000
83341.000000  1.000000
83341.000000  1.000000
83341.000000  1.000000
83341.000000  1.000000
83341.000000  1.000000
83341.000000  1.000000
83341.000000  1.000000
83341.000000  1.000000
83341.000000  1.000000
83341.000000  1.000000
83341.000000  1.000000
83341.000000  1.000000
83341.000000  1.000000
83341.000000  1.000000
83341.000000  1.000000
83341.000000  1.000000
83341.000000  1.000000
83341.000000  1.000000
83341.000000  1.000000
83341.000000  1.000000
83341.000000  1.000000
83341.000000  1.000000
83341.000000  1.000000
83341.000000  1.000000
83341.000000  1.000000
83341.000000  1.000000
83341.000000  1.000000
83341.000000  1.000000
83341.000000  1.000000
83341.000000  1.000000
83341.000000  1.000000
