115000.000000  0.400000
83342.062315  0.404482
83341.000049  0.404482
83341.000000  0.404482
83341.000000  0.404482
83341.000000  0.404482
83341.000000  0.404482
83341.000000  0.404482
83341.000000  0.404482
83341.000000  0.404482
83341.000000  0.404482
83341.000000  0.404482
83341.000000  0.404482
83341.000000  0.404482
83341.000000  0.404482
83341.000000  0.404482
83341.000000  0.404482
83341.000000  0.404482
83341.000000  0.404482
83341.000000  0.404482
83341.000000  0.404482
83341.000000  0.404482
83341.000000  0.404482
83341.000000  0.404482
83341.000000  0.404482
83341.000000  0.404482
83341.000000  0.404482
83341.000000  0.404482
83341.000000  0.404482
83341.000000  0.404482
83341.000000  0.404482
83341.000000  0.404482
83341.000000  0.404482
83341.000000  0.404482
83341.000000  0.404482
83341.000000  0.404482
83341.000000  0.404482
83341.000000  0.404482
83341.000000  0.404482
83341.000000  0.404482
83341.000000  0.404482
