200.000000  0.500000
3609.889521  0.608128
41351.567476  0.622349
77349.541706  0.584476
80180.312997  0.535843
80332.010964  0.488828
80367.759533  0.445059
80391.291867  0.405167
80407.205982  0.369408
80416.564993  0.337769
80420.403936  0.310049
80419.848882  0.285931
80415.982564  0.265040
80409.712949  0.246991
80401.725229  0.231423
80392.677130  0.217998
80383.075465  0.206414
80373.271302  0.196410
80363.539201  0.187759
80354.091870  0.180264
80345.090835  0.173760
80336.497965  0.168109
80328.541625  0.163187
80321.123973  0.158894
80314.264307  0.155145
80307.968456  0.151867
80302.308127  0.148991
80297.022998  0.146472
80292.310005  0.144260
80288.056642  0.142314
80284.210484  0.140600
80280.715022  0.139092
80277.590839  0.137763
80274.776589  0.136591
80272.286571  0.135556
80270.053534  0.134641
80268.003695  0.133834
80266.226501  0.133119
80264.652405  0.132486
80263.203145  0.131927
80261.881084  0.131434
