300.000000  0.800000
81943.301637  0.745126
83340.919833  0.744936
83340.999995  0.744936
83341.000000  0.744936
83341.000000  0.744936
83341.000000  0.744936
83341.000000  0.744936
83341.000000  0.744936
83341.000000  0.744936
83341.000000  0.744936
83341.000000  0.744936
83341.000000  0.744936
83341.000000  0.744936
83341.000000  0.744936
83341.000000  0.744936
83341.000000  0.744936
83341.000000  0.744936
83341.000000  0.744936
83341.000000  0.744936
83341.000000  0.744936
83341.000000  0.744936
83341.000000  0.744936
83341.000000  0.744936
83341.000000  0.744936
83341.000000  0.744936
83341.000000  0.744936
83341.000000  0.744936
83341.000000  0.744936
83341.000000  0.744936
83341.000000  0.744936
83341.000000  0.744936
83341.000000  0.744936
83341.000000  0.744936
83341.000000  0.744936
83341.000000  0.744936
83341.000000  0.744936
83341.000000  0.744936
83341.000000  0.744936
83341.000000  0.744936
83341.000000  0.744936
