40000.000000  0.050000
83337.594682  0.048060
83340.999872  0.048060
83341.000000  0.048060
83341.000000  0.048060
83341.000000  0.048060
83341.000000  0.048060
83341.000000  0.048060
83341.000000  0.048060
83341.000000  0.048060
83341.000000  0.048060
83341.000000  0.048060
83341.000000  0.048060
83341.000000  0.048060
83341.000000  0.048060
83341.000000  0.048060
83341.000000  0.048060
83341.000000  0.048060
83341.000000  0.048060
83341.000000  0.048060
83341.000000  0.048060
83341.000000  0.048060
83341.000000  0.048060
83341.000000  0.048060
83341.000000  0.048060
83341.000000  0.048060
83341.000000  0.048060
83341.000000  0.048060
83341.000000  0.048060
83341.000000  0.048060
83341.000000  0.048060
83341.000000  0.048060
83341.000000  0.048060
83341.000000  0.048060
83341.000000  0.048060
83341.000000  0.048060
83341.000000  0.048060
83341.000000  0.048060
83341.000000  0.048060
83341.000000  0.048060
83341.000000  0.048060
