1000.000000  0.200000
83337.949747  0.000000
83340.930642  0.000000
83340.930645  0.000000
83340.930645  0.000000
83340.930645  0.000000
83340.930645  0.000000
83340.930645  0.000000
83340.930645  0.000000
83340.930645  0.000000
83340.930645  0.000000
83340.930645  0.000000
83340.930645  0.000000
83340.930645  0.000000
83340.930645  0.000000
83340.930645  0.000000
83340.930645  0.000000
83340.930645  0.000000
83340.930645  0.000000
83340.930645  0.000000
83340.930645  0.000000
83340.930645  0.000000
83340.930645  0.000000
83340.930645  0.000000
83340.930645  0.000000
83340.930645  0.000000
83340.930645  0.000000
83340.930645  0.000000
83340.930645  0.000000
83340.930645  0.000000
83340.930645  0.000000
83340.930645  0.000000
83340.930645  0.000000
83340.930645  0.000000
83340.930645  0.000000
83340.930645  0.000000
83340.930645  0.000000
83340.930645  0.000000
83340.930645  0.000000
83340.930645  0.000000
83340.930645  0.000000
