40000.000000  0.050000
83340.870879  0.000000
83340.930645  0.000000
83340.930645  0.000000
83340.930645  0.000000
83340.930645  0.000000
83340.930645  0.000000
83340.930645  0.000000
83340.930645  0.000000
83340.930645  0.000000
83340.930645  0.000000
83340.930645  0.000000
83340.930645  0.000000
83340.930645  0.000000
83340.930645  0.000000
83340.930645  0.000000
83340.930645  0.000000
83340.930645  0.000000
83340.930645  0.000000
83340.930645  0.000000
83340.930645  0.000000
83340.930645  0.000000
83340.930645  0.000000
83340.930645  0.000000
83340.930645  0.000000
83340.930645  0.000000
83340.930645  0.000000
83340.930645  0.000000
83340.930645  0.000000
83340.930645  0.000000
83340.930645  0.000000
83340.930645  0.000000
83340.930645  0.000000
83340.930645  0.000000
83340.930645  0.000000
83340.930645  0.000000
83340.930645  0.000000
83340.930645  0.000000
83340.930645  0.000000
83340.930645  0.000000
83340.930645  0.000000
